start_time,end_time,size,trans_time,cwnd,rtt,rto,ssthresh,last_snd,min_rtt,delivery_rate,bytes_sent,bytes_retrans,client_trans_time
2020-11-24T04:14:48.115000Z,2020-11-24T04:14:50.884000Z,863.2,2768.999936,36.0,135285000.0,0.0,0.0,0.0,44123000.0,358971.0,0.0,0.0,0.0
2020-11-24T04:14:50.886000Z,2020-11-24T04:14:53.020000Z,799.674,2133.999872,32.0,147222000.0,0.0,0.0,0.0,44123000.0,299286.0,0.0,0.0,0.0
2020-11-24T04:14:53.020000Z,2020-11-24T04:14:53.279000Z,60.441,259.00006399999995,34.0,131167000.0,0.0,0.0,0.0,44123000.0,376152.0,0.0,0.0,0.0
2020-11-24T04:14:53.280000Z,2020-11-24T04:14:54.099000Z,297.023,819.0000640000001,34.0,111136000.0,0.0,0.0,0.0,44123000.0,393675.0,0.0,0.0,0.0
2020-11-24T04:14:54.104000Z,2020-11-24T04:15:01.886000Z,2570.603,7782.000128,36.0,112038000.0,0.0,0.0,0.0,44123000.0,373235.0,0.0,0.0,0.0
2020-11-24T04:15:01.886000Z,2020-11-24T04:15:02.595000Z,210.1,708.999936,32.0,141772000.0,0.0,0.0,0.0,44123000.0,297869.0,0.0,0.0,0.0
2020-11-24T04:15:02.595000Z,2020-11-24T04:15:03.084000Z,137.69400000000002,488.99993600000005,32.0,136029000.0,0.0,0.0,0.0,44123000.0,319696.0,0.0,0.0,0.0
2020-11-24T04:15:03.085000Z,2020-11-24T04:15:03.345999Z,43.393,260.999936,30.0,103724000.0,0.0,0.0,0.0,44123000.0,322097.0,0.0,0.0,0.0
2020-11-24T04:15:03.347000Z,2020-11-24T04:15:04.123000Z,222.245,776.0,32.0,122805000.0,0.0,0.0,0.0,44123000.0,318103.0,0.0,0.0,0.0
2020-11-24T04:15:04.124000Z,2020-11-24T04:15:05.790000Z,488.76,1666.0001280000001,32.0,143406000.0,0.0,0.0,0.0,44123000.0,311431.0,0.0,0.0,0.0
2020-11-24T04:15:05.791000Z,2020-11-24T04:15:10.635000Z,787.237,4844.0,30.0,133968000.0,0.0,0.0,0.0,44123000.0,318970.0,0.0,0.0,0.0
2020-11-24T04:15:10.636000Z,2020-11-24T04:15:11.355000Z,229.504,719.0000640000001,36.0,145246000.0,0.0,0.0,0.0,44123000.0,336775.0,0.0,0.0,0.0
2020-11-24T04:15:11.356000Z,2020-11-24T04:15:11.927000Z,154.998,571.0000640000001,34.0,139976000.0,0.0,0.0,0.0,44123000.0,322441.0,0.0,0.0,0.0
2020-11-24T04:15:11.928000Z,2020-11-24T04:15:12.952999Z,360.321,1024.999936,32.0,133320000.0,0.0,0.0,0.0,44123000.0,327280.0,0.0,0.0,0.0
2020-11-24T04:15:12.954000Z,2020-11-24T04:15:14.256000Z,464.27500000000003,1302.000128,34.0,97643000.0,0.0,0.0,0.0,44123000.0,402180.0,0.0,0.0,0.0
2020-11-24T04:15:14.256000Z,2020-11-24T04:15:14.952000Z,250.168,696.0,34.0,119520000.0,0.0,0.0,0.0,44123000.0,354461.0,0.0,0.0,0.0
2020-11-24T04:15:14.953000Z,2020-11-24T04:15:16.203000Z,402.744,1250.000128,34.0,105175000.0,0.0,0.0,0.0,44123000.0,388607.0,0.0,0.0,0.0
2020-11-24T04:15:16.205000Z,2020-11-24T04:15:18.937999Z,948.994,2732.999936,34.0,114739000.0,0.0,0.0,0.0,44123000.0,363006.0,0.0,0.0,0.0
2020-11-24T04:15:18.939000Z,2020-11-24T04:15:21.239000Z,792.751,2300.0,34.0,63987000.0,0.0,0.0,0.0,44123000.0,394572.0,0.0,0.0,0.0
