start_time,end_time,size,trans_time,cwnd,rtt,rto,ssthresh,last_snd,min_rtt,delivery_rate,bytes_sent,bytes_retrans,client_trans_time
2020-11-24T04:09:47.832000Z,2020-11-24T04:09:49.350000Z,551.078,1518.000128,34.0,128211000.0,0.0,0.0,0.0,44481000.0,374011.0,0.0,0.0,0.0
2020-11-24T04:09:49.871000Z,2020-11-24T04:09:51.073999Z,444.6,1202.999808,34.0,110403000.0,0.0,0.0,0.0,44481000.0,267553.0,0.0,0.0,0.0
2020-11-24T04:09:51.861000Z,2020-11-24T04:09:53.241999Z,513.506,1380.999936,36.0,122273000.0,0.0,0.0,0.0,44481000.0,266317.0,0.0,0.0,0.0
2020-11-24T04:09:53.869000Z,2020-11-24T04:09:55.836999Z,689.1220000000001,1968.0,34.0,115954000.0,0.0,0.0,0.0,44481000.0,369677.0,0.0,0.0,0.0
2020-11-24T04:09:55.838000Z,2020-11-24T04:09:57.727000Z,659.033,1888.999936,32.0,118028000.0,0.0,0.0,0.0,44481000.0,328051.0,0.0,0.0,0.0
2020-11-24T04:09:57.864000Z,2020-11-24T04:09:59.760000Z,668.183,1896.0,32.0,125737000.0,0.0,0.0,0.0,44481000.0,337701.0,0.0,0.0,0.0
2020-11-24T04:09:59.869000Z,2020-11-24T04:10:01.544000Z,576.07,1675.000064,34.0,103088000.0,0.0,0.0,0.0,44481000.0,282087.0,0.0,0.0,0.0
2020-11-24T04:10:01.868000Z,2020-11-24T04:10:03.316000Z,520.87,1448.0,38.0,147865000.0,0.0,0.0,0.0,44481000.0,350569.0,0.0,0.0,0.0
2020-11-24T04:10:03.879000Z,2020-11-24T04:10:07.907000Z,1425.157,4027.9999999999995,34.0,126650000.0,0.0,0.0,0.0,44481000.0,334141.0,0.0,0.0,0.0
2020-11-24T04:10:07.908000Z,2020-11-24T04:10:09.616999Z,606.282,1708.9999360000002,34.0,129584000.0,0.0,0.0,0.0,44481000.0,380884.0,0.0,0.0,0.0
2020-11-24T04:10:09.618000Z,2020-11-24T04:10:10.592000Z,292.096,974.000128,34.0,134774000.0,0.0,0.0,0.0,44481000.0,350353.0,0.0,0.0,0.0
2020-11-24T04:10:10.593000Z,2020-11-24T04:10:12.041999Z,529.761,1448.9999360000002,34.0,98870000.0,0.0,0.0,0.0,44481000.0,342320.0,0.0,0.0,0.0
2020-11-24T04:10:12.043000Z,2020-11-24T04:10:13.800999Z,649.974,1757.999872,38.0,141892000.0,0.0,0.0,0.0,44481000.0,386782.0,0.0,0.0,0.0
2020-11-24T04:10:13.871000Z,2020-11-24T04:10:15.527000Z,605.63,1656.0,36.0,112996000.0,0.0,0.0,0.0,44481000.0,413796.0,0.0,0.0,0.0
2020-11-24T04:10:15.868000Z,2020-11-24T04:10:17.416999Z,500.093,1548.999936,38.0,129059000.0,0.0,0.0,0.0,44481000.0,395015.0,0.0,0.0,0.0
2020-11-24T04:10:17.865000Z,2020-11-24T04:10:19.212999Z,492.547,1348.0,34.0,128113000.0,0.0,0.0,0.0,44481000.0,388477.0,0.0,0.0,0.0
2020-11-24T04:10:19.866000Z,2020-11-24T04:10:21.532999Z,624.455,1667.000064,34.0,117207000.0,0.0,0.0,0.0,44481000.0,229096.0,0.0,0.0,0.0
2020-11-24T04:10:21.868000Z,2020-11-24T04:10:23.568000Z,629.497,1700.0,34.0,125041000.0,0.0,0.0,0.0,44481000.0,389678.0,0.0,0.0,0.0
2020-11-24T04:10:23.869000Z,2020-11-24T04:10:25.713999Z,669.569,1844.999936,36.0,126880000.0,0.0,0.0,0.0,44481000.0,387059.0,0.0,0.0,0.0
2020-11-24T04:10:25.871000Z,2020-11-24T04:10:27.619000Z,559.5020000000001,1748.0,34.0,147112000.0,0.0,0.0,0.0,44481000.0,307523.0,0.0,0.0,0.0
2020-11-24T04:10:27.861000Z,2020-11-24T04:10:29.313999Z,525.222,1452.9999360000002,34.0,133061000.0,0.0,0.0,0.0,44481000.0,291666.0,0.0,0.0,0.0
2020-11-24T04:10:29.869000Z,2020-11-24T04:10:31.656000Z,671.267,1787.000064,36.0,134062000.0,0.0,0.0,0.0,44481000.0,370157.0,0.0,0.0,0.0
2020-11-24T04:10:31.876000Z,2020-11-24T04:10:34.521999Z,1002.178,2645.999872,36.0,134027000.0,0.0,0.0,0.0,44481000.0,369485.0,0.0,0.0,0.0
2020-11-24T04:10:34.523000Z,2020-11-24T04:10:36.679000Z,818.054,2156.0,36.0,107882000.0,0.0,0.0,0.0,44481000.0,384504.0,0.0,0.0,0.0
2020-11-24T04:10:36.680000Z,2020-11-24T04:10:39.153999Z,809.337,2473.999872,34.0,124930000.0,0.0,0.0,0.0,44481000.0,381008.0,0.0,0.0,0.0
2020-11-24T04:10:39.156000Z,2020-11-24T04:10:41.404999Z,754.621,2248.999936,34.0,131739000.0,0.0,0.0,0.0,44481000.0,370405.0,0.0,0.0,0.0
2020-11-24T04:10:41.407000Z,2020-11-24T04:10:43.595000Z,819.093,2188.0,34.0,127423000.0,0.0,0.0,0.0,44481000.0,358245.0,0.0,0.0,0.0
2020-11-24T04:10:43.597000Z,2020-11-24T04:10:45.731000Z,757.221,2134.0001279999997,38.0,111429000.0,0.0,0.0,0.0,44481000.0,396207.0,0.0,0.0,0.0
2020-11-24T04:10:45.732000Z,2020-11-24T04:10:48.337999Z,907.195,2605.999872,36.0,132827000.0,0.0,0.0,0.0,44481000.0,387042.0,0.0,0.0,0.0
2020-11-24T04:10:48.340000Z,2020-11-24T04:10:50.732000Z,907.3480000000001,2392.0,34.0,111498000.0,0.0,0.0,0.0,44481000.0,323090.0,0.0,0.0,0.0
2020-11-24T04:10:50.733000Z,2020-11-24T04:10:52.884999Z,798.149,2152.0,40.0,143887000.0,0.0,0.0,0.0,44481000.0,394184.0,0.0,0.0,0.0
2020-11-24T04:10:52.887000Z,2020-11-24T04:10:55.171000Z,853.337,2284.0,34.0,121626000.0,0.0,0.0,0.0,44481000.0,367507.0,0.0,0.0,0.0
2020-11-24T04:10:55.171000Z,2020-11-24T04:10:56.912999Z,560.423,1741.999872,34.0,130473000.0,0.0,0.0,0.0,44481000.0,360845.0,0.0,0.0,0.0
2020-11-24T04:10:56.914000Z,2020-11-24T04:10:58.056999Z,343.068,1143.000064,42.0,88012000.0,0.0,0.0,0.0,44481000.0,366508.0,0.0,0.0,0.0
2020-11-24T04:10:58.058000Z,2020-11-24T04:10:59.584999Z,438.45300000000003,1527.000064,38.0,100545000.0,0.0,0.0,0.0,44329000.0,368889.0,0.0,0.0,0.0
2020-11-24T04:10:59.586000Z,2020-11-24T04:11:01.622000Z,763.7470000000001,2036.0002559999998,36.0,94209000.0,0.0,0.0,0.0,44329000.0,334459.0,0.0,0.0,0.0
2020-11-24T04:11:01.623000Z,2020-11-24T04:11:02.703000Z,387.92,1080.0,36.0,123015000.0,0.0,0.0,0.0,44329000.0,444383.0,0.0,0.0,0.0
2020-11-24T04:11:02.704000Z,2020-11-24T04:11:04.492000Z,617.016,1788.0,36.0,134571000.0,0.0,0.0,0.0,44329000.0,381219.0,0.0,0.0,0.0
2020-11-24T04:11:04.494000Z,2020-11-24T04:11:06.505999Z,757.366,2011.9997440000002,34.0,114655000.0,0.0,0.0,0.0,44329000.0,390253.0,0.0,0.0,0.0
2020-11-24T04:11:06.507000Z,2020-11-24T04:11:08.708000Z,672.095,2200.999936,34.0,132726000.0,0.0,0.0,0.0,44329000.0,400567.0,0.0,0.0,0.0
2020-11-24T04:11:08.709000Z,2020-11-24T04:11:10.084000Z,504.706,1375.000064,42.0,106807000.0,0.0,0.0,0.0,44329000.0,347374.0,0.0,0.0,0.0
2020-11-24T04:11:10.086000Z,2020-11-24T04:11:11.990000Z,631.721,1904.0,36.0,133723000.0,0.0,0.0,0.0,44329000.0,363778.0,0.0,0.0,0.0
2020-11-24T04:11:11.991000Z,2020-11-24T04:11:13.502000Z,557.023,1511.000064,34.0,118949000.0,0.0,0.0,0.0,44329000.0,344392.0,0.0,0.0,0.0
2020-11-24T04:11:14.124000Z,2020-11-24T04:11:15.681999Z,581.23,1557.9998719999999,38.0,139924000.0,0.0,0.0,0.0,44329000.0,329332.0,0.0,0.0,0.0
2020-11-24T04:11:16.117000Z,2020-11-24T04:11:17.892000Z,643.068,1775.000064,34.0,125015000.0,0.0,0.0,0.0,44329000.0,382265.0,0.0,0.0,0.0
2020-11-24T04:11:18.129000Z,2020-11-24T04:11:19.926000Z,676.827,1797.000192,36.0,149088000.0,0.0,0.0,0.0,44329000.0,273384.0,0.0,0.0,0.0
2020-11-24T04:11:19.927000Z,2020-11-24T04:11:21.916999Z,624.566,1989.999872,40.0,144978000.0,0.0,0.0,0.0,44329000.0,390077.0,0.0,0.0,0.0
2020-11-24T04:11:21.918000Z,2020-11-24T04:11:23.708000Z,636.647,1789.999872,34.0,135566000.0,0.0,0.0,0.0,44329000.0,356972.0,0.0,0.0,0.0
2020-11-24T04:11:24.117000Z,2020-11-24T04:11:25.620999Z,550.0020000000001,1504.0,34.0,132419000.0,0.0,0.0,0.0,44329000.0,368030.0,0.0,0.0,0.0
2020-11-24T04:11:26.118000Z,2020-11-24T04:11:27.659000Z,575.533,1540.999936,40.0,93382000.0,0.0,0.0,0.0,44329000.0,252677.0,0.0,0.0,0.0
2020-11-24T04:11:28.118000Z,2020-11-24T04:11:29.135000Z,358.504,1016.9999359999999,36.0,132378000.0,0.0,0.0,0.0,44329000.0,386899.0,0.0,0.0,0.0
2020-11-24T04:11:30.115000Z,2020-11-24T04:11:32.233999Z,749.61,2118.999808,34.0,80603000.0,0.0,0.0,0.0,44329000.0,348284.0,0.0,0.0,0.0
2020-11-24T04:11:32.235000Z,2020-11-24T04:11:34.332000Z,730.767,2096.999936,32.0,123864000.0,0.0,0.0,0.0,44329000.0,375609.0,0.0,0.0,0.0
2020-11-24T04:11:34.332000Z,2020-11-24T04:11:35.296000Z,276.553,964.0,32.0,107833000.0,0.0,0.0,0.0,44329000.0,351505.0,0.0,0.0,0.0
2020-11-24T04:11:36.114000Z,2020-11-24T04:11:38.080000Z,666.612,1966.000128,32.0,111360000.0,0.0,0.0,0.0,44329000.0,344058.0,0.0,0.0,0.0
2020-11-24T04:11:38.081000Z,2020-11-24T04:11:40.233999Z,740.448,2152.999936,36.0,141047000.0,0.0,0.0,0.0,44329000.0,285440.0,0.0,0.0,0.0
2020-11-24T04:11:40.235000Z,2020-11-24T04:11:42.080000Z,632.052,1844.999936,34.0,107049000.0,0.0,0.0,0.0,44123000.0,407346.0,0.0,0.0,0.0
2020-11-24T04:11:42.082000Z,2020-11-24T04:11:43.644999Z,588.947,1563.0000639999998,34.0,118211000.0,0.0,0.0,0.0,44123000.0,372519.0,0.0,0.0,0.0
2020-11-24T04:11:44.124000Z,2020-11-24T04:11:45.766000Z,615.426,1642.0001280000001,34.0,64903000.0,0.0,0.0,0.0,44123000.0,382110.0,0.0,0.0,0.0
2020-11-24T04:11:46.117000Z,2020-11-24T04:11:47.847000Z,650.557,1730.000128,34.0,121001000.0,0.0,0.0,0.0,44123000.0,367775.0,0.0,0.0,0.0
2020-11-24T04:11:48.129000Z,2020-11-24T04:11:50.324000Z,751.988,2195.000064,36.0,116052000.0,0.0,0.0,0.0,44123000.0,422161.0,0.0,0.0,0.0
2020-11-24T04:11:50.325000Z,2020-11-24T04:11:52.475000Z,757.548,2150.0001279999997,40.0,118771000.0,0.0,0.0,0.0,44123000.0,404552.0,0.0,0.0,0.0
2020-11-24T04:11:52.477000Z,2020-11-24T04:11:54.551000Z,747.225,2074.000128,36.0,127963000.0,0.0,0.0,0.0,44123000.0,366443.0,0.0,0.0,0.0
2020-11-24T04:11:54.552000Z,2020-11-24T04:11:56.603000Z,707.2860000000001,2051.0000640000003,36.0,120357000.0,0.0,0.0,0.0,44123000.0,308978.0,0.0,0.0,0.0
2020-11-24T04:11:56.604000Z,2020-11-24T04:11:58.958000Z,863.317,2354.000128,34.0,133867000.0,0.0,0.0,0.0,44123000.0,367674.0,0.0,0.0,0.0
2020-11-24T04:11:58.959000Z,2020-11-24T04:12:01.177999Z,775.452,2218.999808,36.0,125435000.0,0.0,0.0,0.0,44123000.0,354247.0,0.0,0.0,0.0
2020-11-24T04:12:01.179000Z,2020-11-24T04:12:02.574000Z,473.081,1395.000064,34.0,127506000.0,0.0,0.0,0.0,44123000.0,334052.0,0.0,0.0,0.0
2020-11-24T04:12:02.576000Z,2020-11-24T04:12:04.536999Z,681.881,1960.9999360000002,34.0,128534000.0,0.0,0.0,0.0,44123000.0,301705.0,0.0,0.0,0.0
2020-11-24T04:12:04.539000Z,2020-11-24T04:12:07.392000Z,919.112,2852.9999359999997,36.0,136429000.0,0.0,0.0,0.0,44123000.0,373638.0,0.0,0.0,0.0
2020-11-24T04:12:07.394000Z,2020-11-24T04:12:09.854000Z,899.884,2460.000256,34.0,79661000.0,0.0,0.0,0.0,44123000.0,394003.0,0.0,0.0,0.0
2020-11-24T04:12:09.856000Z,2020-11-24T04:12:12.599000Z,985.3190000000001,2743.000064,34.0,122104000.0,0.0,0.0,0.0,44123000.0,385613.0,0.0,0.0,0.0
2020-11-24T04:12:12.601000Z,2020-11-24T04:12:21.144000Z,1161.491,8543.000064,36.0,125613000.0,0.0,0.0,0.0,44123000.0,402740.0,0.0,0.0,0.0
2020-11-24T04:12:21.145000Z,2020-11-24T04:12:22.073999Z,338.551,928.9999359999999,38.0,112304000.0,0.0,0.0,0.0,44123000.0,362762.0,0.0,0.0,0.0
2020-11-24T04:12:22.075000Z,2020-11-24T04:12:22.927000Z,294.77500000000003,852.0,36.0,138460000.0,0.0,0.0,0.0,44123000.0,391849.0,0.0,0.0,0.0
2020-11-24T04:12:22.928000Z,2020-11-24T04:12:24.223000Z,445.653,1295.0000639999998,36.0,132962000.0,0.0,0.0,0.0,44123000.0,391788.0,0.0,0.0,0.0
2020-11-24T04:12:24.224000Z,2020-11-24T04:12:25.784999Z,503.76300000000003,1560.999936,36.0,140763000.0,0.0,0.0,0.0,44123000.0,344157.0,0.0,0.0,0.0
2020-11-24T04:12:25.787000Z,2020-11-24T04:12:28.416000Z,859.039,2628.999936,32.0,111828000.0,0.0,0.0,0.0,44123000.0,255437.0,0.0,0.0,0.0
2020-11-24T04:12:28.416000Z,2020-11-24T04:12:30.036000Z,515.234,1620.0,32.0,136952000.0,0.0,0.0,0.0,44123000.0,333111.0,0.0,0.0,0.0
2020-11-24T04:12:30.037000Z,2020-11-24T04:12:32.464999Z,740.4730000000001,2428.0,32.0,136156000.0,0.0,0.0,0.0,44123000.0,319000.0,0.0,0.0,0.0
2020-11-24T04:12:32.465000Z,2020-11-24T04:12:33.927000Z,462.57,1462.000128,32.0,136980000.0,0.0,0.0,0.0,44123000.0,325599.0,0.0,0.0,0.0
2020-11-24T04:12:33.927000Z,2020-11-24T04:12:34.180000Z,53.782000000000004,252.999936,32.0,117301000.0,0.0,0.0,0.0,44123000.0,247568.0,0.0,0.0,0.0
2020-11-24T04:12:34.180000Z,2020-11-24T04:12:34.865999Z,212.636,685.999872,32.0,114978000.0,0.0,0.0,0.0,44123000.0,340018.0,0.0,0.0,0.0
2020-11-24T04:12:34.867000Z,2020-11-24T04:12:36.788000Z,655.9,1920.9999360000002,34.0,114654000.0,0.0,0.0,0.0,44123000.0,318946.0,0.0,0.0,0.0
2020-11-24T04:12:36.789000Z,2020-11-24T04:12:38.755000Z,626.429,1966.000128,34.0,144907000.0,0.0,0.0,0.0,44123000.0,317600.0,0.0,0.0,0.0
2020-11-24T04:12:38.756000Z,2020-11-24T04:12:40.719000Z,648.447,1963.000064,34.0,144093000.0,0.0,0.0,0.0,44123000.0,276524.0,0.0,0.0,0.0
2020-11-24T04:12:40.720000Z,2020-11-24T04:12:43.032000Z,771.339,2312.0,4.0,91121000.0,0.0,0.0,0.0,44123000.0,384902.0,0.0,0.0,0.0
2020-11-24T04:12:43.034000Z,2020-11-24T04:12:52.209999Z,1054.2060000000001,9176.0,34.0,113267000.0,0.0,0.0,0.0,44123000.0,355070.0,0.0,0.0,0.0
2020-11-24T04:12:52.210000Z,2020-11-24T04:12:52.852999Z,125.991,643.000064,36.0,132668000.0,0.0,0.0,0.0,44123000.0,372979.0,0.0,0.0,0.0
2020-11-24T04:12:52.853000Z,2020-11-24T04:12:53.337999Z,145.848,484.99993600000005,36.0,105514000.0,0.0,0.0,0.0,44123000.0,396224.0,0.0,0.0,0.0
2020-11-24T04:12:53.339000Z,2020-11-24T04:12:55.222000Z,584.606,1883.000064,36.0,141535000.0,0.0,0.0,0.0,44123000.0,364333.0,0.0,0.0,0.0
2020-11-24T04:12:55.223000Z,2020-11-24T04:12:57.129999Z,592.143,1906.9998079999998,30.0,132211000.0,0.0,0.0,0.0,44123000.0,287788.0,0.0,0.0,0.0
2020-11-24T04:12:57.131000Z,2020-11-24T04:12:58.079000Z,290.332,948.0,32.0,138488000.0,0.0,0.0,0.0,44123000.0,301015.0,0.0,0.0,0.0
2020-11-24T04:12:58.079000Z,2020-11-24T04:12:59.727000Z,400.80400000000003,1648.0,32.0,131554000.0,0.0,0.0,0.0,44123000.0,336820.0,0.0,0.0,0.0
2020-11-24T04:12:59.728000Z,2020-11-24T04:13:01.028999Z,417.786,1300.999936,32.0,113431000.0,0.0,0.0,0.0,44123000.0,341632.0,0.0,0.0,0.0
2020-11-24T04:13:01.029000Z,2020-11-24T04:13:01.871000Z,187.888,842.000128,30.0,119489000.0,0.0,0.0,0.0,44123000.0,348048.0,0.0,0.0,0.0
2020-11-24T04:13:01.872000Z,2020-11-24T04:13:03.152000Z,392.731,1280.0,32.0,93131000.0,0.0,0.0,0.0,44123000.0,331606.0,0.0,0.0,0.0
2020-11-24T04:13:03.152000Z,2020-11-24T04:13:04.481999Z,399.95300000000003,1329.9998719999999,30.0,123528000.0,0.0,0.0,0.0,44123000.0,275435.0,0.0,0.0,0.0
2020-11-24T04:13:04.484000Z,2020-11-24T04:13:06.729999Z,681.049,2245.999872,32.0,140123000.0,0.0,0.0,0.0,44123000.0,320847.0,0.0,0.0,0.0
2020-11-24T04:13:06.730000Z,2020-11-24T04:13:07.862000Z,346.212,1132.000256,30.0,134234000.0,0.0,0.0,0.0,44123000.0,303186.0,0.0,0.0,0.0
2020-11-24T04:13:07.863000Z,2020-11-24T04:13:08.793999Z,258.706,930.999808,32.0,128324000.0,0.0,0.0,0.0,44123000.0,323256.0,0.0,0.0,0.0
2020-11-24T04:13:08.795000Z,2020-11-24T04:13:11.024000Z,722.969,2228.999936,32.0,137599000.0,0.0,0.0,0.0,44123000.0,312958.0,0.0,0.0,0.0
2020-11-24T04:13:11.025000Z,2020-11-24T04:13:13.367000Z,653.962,2342.000128,30.0,137590000.0,0.0,0.0,0.0,44123000.0,326046.0,0.0,0.0,0.0
2020-11-24T04:13:13.368000Z,2020-11-24T04:13:15.217999Z,597.903,1849.9998719999999,32.0,135834000.0,0.0,0.0,0.0,44123000.0,333790.0,0.0,0.0,0.0
2020-11-24T04:13:15.218000Z,2020-11-24T04:13:15.936000Z,220.528,718.000128,32.0,115788000.0,0.0,0.0,0.0,44123000.0,316413.0,0.0,0.0,0.0
2020-11-24T04:13:16.120000Z,2020-11-24T04:13:17.939000Z,506.20300000000003,1819.0000639999998,32.0,119072000.0,0.0,0.0,0.0,44123000.0,319477.0,0.0,0.0,0.0
2020-11-24T04:13:18.116000Z,2020-11-24T04:13:20.212999Z,658.551,2096.999936,32.0,148053000.0,0.0,0.0,0.0,44123000.0,319885.0,0.0,0.0,0.0
2020-11-24T04:13:20.215000Z,2020-11-24T04:13:22.744999Z,674.768,2529.999872,30.0,133489000.0,0.0,0.0,0.0,44123000.0,322125.0,0.0,0.0,0.0
2020-11-24T04:13:22.746000Z,2020-11-24T04:13:24.915000Z,700.99,2169.000192,30.0,97712000.0,0.0,0.0,0.0,44123000.0,318677.0,0.0,0.0,0.0
2020-11-24T04:13:24.916000Z,2020-11-24T04:13:27.356999Z,761.7860000000001,2440.9999359999997,32.0,134434000.0,0.0,0.0,0.0,44123000.0,313172.0,0.0,0.0,0.0
2020-11-24T04:13:27.358000Z,2020-11-24T04:13:29.372000Z,606.222,2013.9998719999999,32.0,155297000.0,0.0,0.0,0.0,44123000.0,251760.0,0.0,0.0,0.0
2020-11-24T04:13:29.373000Z,2020-11-24T04:13:30.222000Z,306.742,849.000192,34.0,96551000.0,0.0,0.0,0.0,44123000.0,340426.0,0.0,0.0,0.0
2020-11-24T04:13:30.223000Z,2020-11-24T04:13:32.379000Z,694.1370000000001,2156.0,36.0,98194000.0,0.0,0.0,0.0,44123000.0,370652.0,0.0,0.0,0.0
2020-11-24T04:13:32.381000Z,2020-11-24T04:13:34.128000Z,629.427,1747.000064,4.0,84216000.0,0.0,0.0,0.0,44123000.0,360239.0,0.0,0.0,0.0
2020-11-24T04:13:34.129000Z,2020-11-24T04:13:36.775000Z,845.6940000000001,2646.0001279999997,36.0,142160000.0,0.0,0.0,0.0,44123000.0,384078.0,0.0,0.0,0.0
2020-11-24T04:13:36.776000Z,2020-11-24T04:13:38.391000Z,517.032,1615.000064,34.0,145157000.0,0.0,0.0,0.0,44123000.0,217030.0,0.0,0.0,0.0
2020-11-24T04:13:38.391000Z,2020-11-24T04:13:38.455000Z,3.6670000000000003,64.0,32.0,138207000.0,0.0,0.0,0.0,44123000.0,324614.0,0.0,0.0,0.0
2020-11-24T04:13:40.125000Z,2020-11-24T04:13:42.944999Z,863.612,2820.0,32.0,85754000.0,0.0,0.0,0.0,44123000.0,321192.0,0.0,0.0,0.0
2020-11-24T04:13:42.947000Z,2020-11-24T04:13:46.780000Z,1200.275,3832.999936,32.0,60122000.0,0.0,0.0,0.0,44123000.0,300347.0,0.0,0.0,0.0
2020-11-24T04:13:46.782000Z,2020-11-24T04:13:49.667000Z,852.439,2884.9999359999997,30.0,127528000.0,0.0,0.0,0.0,44123000.0,322582.0,0.0,0.0,0.0
2020-11-24T04:13:49.667000Z,2020-11-24T04:13:51.332000Z,519.089,1664.9999360000002,30.0,107673000.0,0.0,0.0,0.0,44123000.0,285489.0,0.0,0.0,0.0
2020-11-24T04:13:51.333000Z,2020-11-24T04:13:52.016999Z,199.293,684.0,30.0,130042000.0,0.0,0.0,0.0,44123000.0,314894.0,0.0,0.0,0.0
2020-11-24T04:13:52.018000Z,2020-11-24T04:13:53.468999Z,370.097,1451.000064,30.0,98229000.0,0.0,0.0,0.0,44123000.0,319836.0,0.0,0.0,0.0
2020-11-24T04:13:53.470000Z,2020-11-24T04:13:54.455000Z,294.948,984.999936,32.0,80393000.0,0.0,0.0,0.0,44123000.0,299338.0,0.0,0.0,0.0
2020-11-24T04:13:54.455000Z,2020-11-24T04:13:54.927000Z,75.656,472.0,30.0,134548000.0,0.0,0.0,0.0,44123000.0,290275.0,0.0,0.0,0.0
2020-11-24T04:13:56.125000Z,2020-11-24T04:14:03.571000Z,1304.586,7446.000128,30.0,128874000.0,0.0,0.0,0.0,44123000.0,326730.0,0.0,0.0,0.0
2020-11-24T04:14:03.571000Z,2020-11-24T04:14:03.976999Z,56.438,405.999872,30.0,91020000.0,0.0,0.0,0.0,44123000.0,307454.0,0.0,0.0,0.0
2020-11-24T04:14:03.977000Z,2020-11-24T04:14:04.166000Z,48.788000000000004,189.000192,34.0,66443000.0,0.0,0.0,0.0,44123000.0,365896.0,0.0,0.0,0.0
2020-11-24T04:14:04.166000Z,2020-11-24T04:14:04.713999Z,157.787,547.999744,34.0,67130000.0,0.0,0.0,0.0,44123000.0,335389.0,0.0,0.0,0.0
2020-11-24T04:14:04.715000Z,2020-11-24T04:14:05.303000Z,153.67000000000002,588.0,36.0,150364000.0,0.0,0.0,0.0,44123000.0,322140.0,0.0,0.0,0.0
2020-11-24T04:14:06.149000Z,2020-11-24T04:14:07.319000Z,361.665,1170.0001280000001,36.0,133706000.0,0.0,0.0,0.0,44123000.0,335137.0,0.0,0.0,0.0
2020-11-24T04:14:08.120000Z,2020-11-24T04:14:12.680999Z,1014.606,4560.999936,36.0,85729000.0,0.0,0.0,0.0,44123000.0,333424.0,0.0,0.0,0.0
2020-11-24T04:14:12.682000Z,2020-11-24T04:14:22.376000Z,1046.063,9694.000128000001,28.0,505413000.0,0.0,0.0,0.0,44123000.0,84208.0,0.0,0.0,0.0
2020-11-24T04:14:22.376000Z,2020-11-24T04:14:22.699000Z,26.054000000000002,323.00006399999995,28.0,372548000.0,0.0,0.0,0.0,44123000.0,91919.0,0.0,0.0,0.0
2020-11-24T04:14:22.699000Z,2020-11-24T04:14:23.991000Z,113.113,1292.0,28.0,238762000.0,0.0,0.0,0.0,44123000.0,91919.0,0.0,0.0,0.0
2020-11-24T04:14:23.991000Z,2020-11-24T04:14:27.159000Z,333.363,3168.0,18.0,334159000.0,0.0,0.0,0.0,44123000.0,74680.0,0.0,0.0,0.0
2020-11-24T04:14:27.160000Z,2020-11-24T04:14:39.504000Z,432.67,12344.0,4.0,64798000.0,0.0,0.0,0.0,44123000.0,145117.0,0.0,0.0,0.0
2020-11-24T04:14:39.505000Z,2020-11-24T04:14:39.731000Z,55.203,226.000128,38.0,76118000.0,0.0,0.0,0.0,44123000.0,286709.0,0.0,0.0,0.0
2020-11-24T04:14:39.731000Z,2020-11-24T04:14:39.886000Z,25.776,155.00006399999998,38.0,88850000.0,0.0,0.0,0.0,44123000.0,314956.0,0.0,0.0,0.0
2020-11-24T04:14:39.886000Z,2020-11-24T04:14:40.118000Z,64.014,232.0,38.0,94862000.0,0.0,0.0,0.0,44123000.0,395636.0,0.0,0.0,0.0
2020-11-24T04:14:40.119000Z,2020-11-24T04:14:41.371000Z,328.509,1252.0,38.0,87583000.0,0.0,0.0,0.0,44123000.0,330462.0,0.0,0.0,0.0
2020-11-24T04:14:41.372000Z,2020-11-24T04:14:43.124000Z,527.006,1752.0,38.0,105757000.0,0.0,0.0,0.0,44123000.0,336851.0,0.0,0.0,0.0
2020-11-24T04:14:43.125000Z,2020-11-24T04:14:44.224999Z,399.777,1100.0,40.0,162945000.0,0.0,0.0,0.0,44123000.0,335261.0,0.0,0.0,0.0
2020-11-24T04:14:44.225000Z,2020-11-24T04:14:44.668000Z,119.142,443.000064,36.0,86446000.0,0.0,0.0,0.0,44123000.0,350794.0,0.0,0.0,0.0
2020-11-24T04:14:44.669000Z,2020-11-24T04:14:45.943000Z,423.798,1274.000128,36.0,136416000.0,0.0,0.0,0.0,44123000.0,311678.0,0.0,0.0,0.0
2020-11-24T04:14:45.944000Z,2020-11-24T04:14:48.110000Z,813.6320000000001,2166.0001279999997,38.0,123045000.0,0.0,0.0,0.0,44123000.0,328533.0,0.0,0.0,0.0
