start_time,end_time,size,trans_time,cwnd,rtt,rto,ssthresh,last_snd,min_rtt,delivery_rate,bytes_sent,bytes_retrans,client_trans_time
2020-11-24T04:04:48.670000Z,2020-11-24T04:04:48.976000Z,68.508,305.999872,13.0,173121000.0,0.0,0.0,0.0,65598000.0,22134.0,0.0,0.0,0.0
2020-11-24T04:04:48.976000Z,2020-11-24T04:04:49.108999Z,28.235,132.99993600000002,49.0,101086000.0,0.0,0.0,0.0,47620000.0,325693.0,0.0,0.0,0.0
2020-11-24T04:04:49.109000Z,2020-11-24T04:04:49.184000Z,8.15,75.00006400000001,49.0,95284000.0,0.0,0.0,0.0,47620000.0,325693.0,0.0,0.0,0.0
2020-11-24T04:04:49.185000Z,2020-11-24T04:04:49.588999Z,29.629,404.0,49.0,76910000.0,0.0,0.0,0.0,47620000.0,325693.0,0.0,0.0,0.0
2020-11-24T04:04:49.589000Z,2020-11-24T04:04:49.750000Z,23.998,161.000192,49.0,155971000.0,0.0,0.0,0.0,47620000.0,385784.0,0.0,0.0,0.0
2020-11-24T04:04:49.750000Z,2020-11-24T04:04:50.140000Z,26.95,389.99987200000004,49.0,117183000.0,0.0,0.0,0.0,47620000.0,385784.0,0.0,0.0,0.0
2020-11-24T04:04:50.141000Z,2020-11-24T04:04:50.252999Z,20.689,112.0,49.0,247856000.0,0.0,0.0,0.0,47620000.0,385784.0,0.0,0.0,0.0
2020-11-24T04:04:50.253000Z,2020-11-24T04:04:50.432999Z,42.144,180.0,49.0,135481000.0,0.0,0.0,0.0,47620000.0,385784.0,0.0,0.0,0.0
2020-11-24T04:04:50.433000Z,2020-11-24T04:04:50.736000Z,60.293,303.000064,49.0,111038000.0,0.0,0.0,0.0,47620000.0,385784.0,0.0,0.0,0.0
2020-11-24T04:04:50.736000Z,2020-11-24T04:04:51.576999Z,228.797,840.999936,49.0,199104000.0,0.0,0.0,0.0,47620000.0,385784.0,0.0,0.0,0.0
2020-11-24T04:04:51.578000Z,2020-11-24T04:04:53.414000Z,336.303,1836.000256,49.0,285989000.0,0.0,0.0,0.0,47620000.0,232085.0,0.0,0.0,0.0
2020-11-24T04:04:53.621000Z,2020-11-24T04:04:56.401999Z,631.189,2780.999936,32.0,131883000.0,0.0,0.0,0.0,47620000.0,285990.0,0.0,0.0,0.0
2020-11-24T04:04:56.402000Z,2020-11-24T04:04:57.251000Z,229.518,849.000192,30.0,197419000.0,0.0,0.0,0.0,47620000.0,164368.0,0.0,0.0,0.0
2020-11-24T04:04:57.620000Z,2020-11-24T04:05:02.391000Z,1572.238,4771.000064,36.0,84884000.0,0.0,0.0,0.0,47620000.0,392275.0,0.0,0.0,0.0
2020-11-24T04:05:02.394000Z,2020-11-24T04:05:07.056000Z,1525.787,4662.000128,36.0,149626000.0,0.0,0.0,0.0,47620000.0,336747.0,0.0,0.0,0.0
2020-11-24T04:05:07.057000Z,2020-11-24T04:05:07.556999Z,130.573,500.0,32.0,148755000.0,0.0,0.0,0.0,47620000.0,308065.0,0.0,0.0,0.0
2020-11-24T04:05:07.557000Z,2020-11-24T04:05:07.920000Z,103.202,363.000064,32.0,93678000.0,0.0,0.0,0.0,47620000.0,271889.0,0.0,0.0,0.0
2020-11-24T04:05:07.922000Z,2020-11-24T04:05:17.054000Z,1065.145,9132.000256,38.0,86222000.0,0.0,0.0,0.0,47620000.0,308249.0,0.0,0.0,0.0
2020-11-24T04:05:17.054000Z,2020-11-24T04:05:17.721999Z,75.867,667.999744,32.0,98583000.0,0.0,0.0,0.0,47620000.0,286381.0,0.0,0.0,0.0
2020-11-24T04:05:17.723000Z,2020-11-24T04:05:18.419000Z,174.006,696.0,4.0,217867000.0,0.0,0.0,0.0,47620000.0,38552.0,0.0,0.0,0.0
2020-11-24T04:05:18.419000Z,2020-11-24T04:05:18.903000Z,147.93800000000002,484.0,34.0,88065000.0,0.0,0.0,0.0,45828000.0,349960.0,0.0,0.0,0.0
2020-11-24T04:05:18.904000Z,2020-11-24T04:05:20.200000Z,452.67400000000004,1296.0,36.0,90545000.0,0.0,0.0,0.0,45828000.0,367898.0,0.0,0.0,0.0
2020-11-24T04:05:20.200000Z,2020-11-24T04:05:21.463000Z,406.039,1263.000064,34.0,148027000.0,0.0,0.0,0.0,45828000.0,345669.0,0.0,0.0,0.0
2020-11-24T04:05:21.464000Z,2020-11-24T04:05:22.900000Z,476.284,1436.0,32.0,128224000.0,0.0,0.0,0.0,45828000.0,356313.0,0.0,0.0,0.0
2020-11-24T04:05:22.901000Z,2020-11-24T04:05:23.772000Z,266.124,871.000064,32.0,130187000.0,0.0,0.0,0.0,45828000.0,356491.0,0.0,0.0,0.0
2020-11-24T04:05:23.772000Z,2020-11-24T04:05:24.444000Z,223.137,672.0,32.0,125847000.0,0.0,0.0,0.0,45828000.0,340528.0,0.0,0.0,0.0
2020-11-24T04:05:24.444000Z,2020-11-24T04:05:24.680000Z,62.796,236.0,34.0,110303000.0,0.0,0.0,0.0,45828000.0,346619.0,0.0,0.0,0.0
2020-11-24T04:05:25.610000Z,2020-11-24T04:05:28.745999Z,975.5,3136.0,36.0,94013000.0,0.0,0.0,0.0,45828000.0,320196.0,0.0,0.0,0.0
2020-11-24T04:05:28.748000Z,2020-11-24T04:05:32.112000Z,1103.669,3364.0,34.0,97116000.0,0.0,0.0,0.0,45577000.0,322365.0,0.0,0.0,0.0
2020-11-24T04:05:32.113000Z,2020-11-24T04:05:34.148000Z,585.6750000000001,2035.000064,38.0,157076000.0,0.0,0.0,0.0,45577000.0,314783.0,0.0,0.0,0.0
2020-11-24T04:05:34.149000Z,2020-11-24T04:05:35.143000Z,280.647,994.000128,36.0,99888000.0,0.0,0.0,0.0,45577000.0,12270.0,0.0,0.0,0.0
2020-11-24T04:05:35.145000Z,2020-11-24T04:05:38.227000Z,1077.891,3082.0001279999997,36.0,74211000.0,0.0,0.0,0.0,45577000.0,430738.0,0.0,0.0,0.0
2020-11-24T04:05:38.228000Z,2020-11-24T04:05:39.697999Z,420.548,1469.999872,40.0,146014000.0,0.0,0.0,0.0,45577000.0,394187.0,0.0,0.0,0.0
2020-11-24T04:05:39.699000Z,2020-11-24T04:05:40.656000Z,240.663,956.999936,36.0,128726000.0,0.0,0.0,0.0,45577000.0,333629.0,0.0,0.0,0.0
2020-11-24T04:05:40.657000Z,2020-11-24T04:05:42.552999Z,587.843,1896.0,36.0,83744000.0,0.0,0.0,0.0,45577000.0,294811.0,0.0,0.0,0.0
2020-11-24T04:05:42.554000Z,2020-11-24T04:05:43.191000Z,179.782,637.000192,38.0,194029000.0,0.0,0.0,0.0,45577000.0,236042.0,0.0,0.0,0.0
2020-11-24T04:05:43.622000Z,2020-11-24T04:05:44.380000Z,145.775,757.999872,36.0,152134000.0,0.0,0.0,0.0,45577000.0,245873.0,0.0,0.0,0.0
2020-11-24T04:05:45.610000Z,2020-11-24T04:05:51.484999Z,1014.525,5875.000064,36.0,153276000.0,0.0,0.0,0.0,45577000.0,277030.0,0.0,0.0,0.0
2020-11-24T04:05:51.486000Z,2020-11-24T04:05:52.268999Z,136.669,782.999808,28.0,450138000.0,0.0,0.0,0.0,45577000.0,81872.0,0.0,0.0,0.0
2020-11-24T04:05:52.270000Z,2020-11-24T04:05:54.377999Z,496.808,2107.9997439999997,26.0,188564000.0,0.0,0.0,0.0,45577000.0,163275.0,0.0,0.0,0.0
2020-11-24T04:05:54.379000Z,2020-11-24T04:05:59.416000Z,1086.011,5036.999936,34.0,89135000.0,0.0,0.0,0.0,45537000.0,135419.0,0.0,0.0,0.0
2020-11-24T04:05:59.417000Z,2020-11-24T04:06:04.089999Z,604.758,4672.999936,26.0,276993000.0,0.0,0.0,0.0,45537000.0,143177.0,0.0,0.0,0.0
2020-11-24T04:06:04.091000Z,2020-11-24T04:06:08.403000Z,662.964,4312.0,4.0,375717000.0,0.0,0.0,0.0,45537000.0,76453.0,0.0,0.0,0.0
2020-11-24T04:06:08.404000Z,2020-11-24T04:06:08.623000Z,35.374,219.00006399999998,28.0,67004000.0,0.0,0.0,0.0,45537000.0,214856.0,0.0,0.0,0.0
2020-11-24T04:06:08.624000Z,2020-11-24T04:06:09.086000Z,98.73400000000001,462.000128,30.0,71153000.0,0.0,0.0,0.0,45537000.0,267594.0,0.0,0.0,0.0
2020-11-24T04:06:09.086000Z,2020-11-24T04:06:09.579000Z,51.742000000000004,492.99993600000005,34.0,72950000.0,0.0,0.0,0.0,45537000.0,248278.0,0.0,0.0,0.0
2020-11-24T04:06:09.579000Z,2020-11-24T04:06:10.678000Z,159.71200000000002,1099.0000639999998,34.0,287434000.0,0.0,0.0,0.0,45537000.0,126149.0,0.0,0.0,0.0
2020-11-24T04:06:10.679000Z,2020-11-24T04:06:12.996999Z,568.567,2317.9998720000003,32.0,142090000.0,0.0,0.0,0.0,45537000.0,23366.0,0.0,0.0,0.0
2020-11-24T04:06:12.998000Z,2020-11-24T04:06:14.295000Z,158.102,1296.999936,38.0,132972000.0,0.0,0.0,0.0,45537000.0,301165.0,0.0,0.0,0.0
2020-11-24T04:06:14.295000Z,2020-11-24T04:06:15.663000Z,168.493,1368.0,38.0,276295000.0,0.0,0.0,0.0,45537000.0,166708.0,0.0,0.0,0.0
2020-11-24T04:06:15.664000Z,2020-11-24T04:06:17.228000Z,329.794,1564.0,38.0,256024000.0,0.0,0.0,0.0,45537000.0,65689.0,0.0,0.0,0.0
2020-11-24T04:06:17.228000Z,2020-11-24T04:06:17.815000Z,53.849000000000004,587.0000640000001,34.0,479068000.0,0.0,0.0,0.0,45537000.0,95773.0,0.0,0.0,0.0
2020-11-24T04:06:17.816000Z,2020-11-24T04:06:29.456000Z,953.928,11640.0,34.0,300035000.0,0.0,0.0,0.0,45537000.0,143738.0,0.0,0.0,0.0
2020-11-24T04:06:29.456000Z,2020-11-24T04:06:30.344999Z,186.662,888.999936,30.0,376232000.0,0.0,0.0,0.0,45537000.0,106158.0,0.0,0.0,0.0
2020-11-24T04:06:30.346000Z,2020-11-24T04:06:31.843000Z,370.863,1497.000192,32.0,156390000.0,0.0,0.0,0.0,45537000.0,258318.0,0.0,0.0,0.0
2020-11-24T04:06:31.843000Z,2020-11-24T04:06:32.385999Z,128.869,542.999808,28.0,117959000.0,0.0,0.0,0.0,45537000.0,196398.0,0.0,0.0,0.0
2020-11-24T04:06:32.386000Z,2020-11-24T04:06:32.916999Z,127.062,531.000064,30.0,128732000.0,0.0,0.0,0.0,45537000.0,315718.0,0.0,0.0,0.0
2020-11-24T04:06:32.917000Z,2020-11-24T04:06:34.087000Z,267.857,1170.0001280000001,30.0,146827000.0,0.0,0.0,0.0,45537000.0,278855.0,0.0,0.0,0.0
2020-11-24T04:06:34.087000Z,2020-11-24T04:06:35.023000Z,210.656,936.0,32.0,126985000.0,0.0,0.0,0.0,45537000.0,294108.0,0.0,0.0,0.0
2020-11-24T04:06:35.023000Z,2020-11-24T04:06:36.068000Z,196.961,1044.999936,32.0,205521000.0,0.0,0.0,0.0,45537000.0,179191.0,0.0,0.0,0.0
2020-11-24T04:06:36.069000Z,2020-11-24T04:06:38.366000Z,466.435,2297.000192,32.0,341810000.0,0.0,0.0,0.0,45537000.0,126243.0,0.0,0.0,0.0
2020-11-24T04:06:38.366000Z,2020-11-24T04:06:39.918000Z,375.22700000000003,1552.0,38.0,352438000.0,0.0,0.0,0.0,45537000.0,158121.0,0.0,0.0,0.0
2020-11-24T04:06:39.919000Z,2020-11-24T04:06:41.868000Z,455.62,1948.9999360000002,36.0,216583000.0,0.0,0.0,0.0,45537000.0,40265.0,0.0,0.0,0.0
2020-11-24T04:06:41.869000Z,2020-11-24T04:06:44.019000Z,432.903,2150.0001279999997,36.0,190888000.0,0.0,0.0,0.0,45537000.0,244963.0,0.0,0.0,0.0
2020-11-24T04:06:44.020000Z,2020-11-24T04:06:50.611000Z,456.218,6591.000064,32.0,195762000.0,0.0,0.0,0.0,45537000.0,92050.0,0.0,0.0,0.0
2020-11-24T04:06:50.611000Z,2020-11-24T04:06:51.243000Z,190.647,632.0,38.0,110751000.0,0.0,0.0,0.0,45537000.0,371282.0,0.0,0.0,0.0
2020-11-24T04:06:51.243000Z,2020-11-24T04:06:51.542000Z,49.668,299.000064,38.0,139939000.0,0.0,0.0,0.0,45537000.0,340792.0,0.0,0.0,0.0
2020-11-24T04:06:51.543000Z,2020-11-24T04:06:51.835000Z,64.761,292.0,38.0,99975000.0,0.0,0.0,0.0,45537000.0,40297.0,0.0,0.0,0.0
2020-11-24T04:06:51.836000Z,2020-11-24T04:06:55.372000Z,435.827,3536.0,38.0,106751000.0,0.0,0.0,0.0,45537000.0,239033.0,0.0,0.0,0.0
2020-11-24T04:06:55.372000Z,2020-11-24T04:06:56.185999Z,103.884,813.999872,26.0,104720000.0,0.0,0.0,0.0,45537000.0,152577.0,0.0,0.0,0.0
2020-11-24T04:06:56.187000Z,2020-11-24T04:06:56.775000Z,110.867,588.0,26.0,225191000.0,0.0,0.0,0.0,45537000.0,153694.0,0.0,0.0,0.0
2020-11-24T04:06:56.776000Z,2020-11-24T04:06:58.902000Z,537.393,2126.0001279999997,26.0,98325000.0,0.0,0.0,0.0,45537000.0,259337.0,0.0,0.0,0.0
2020-11-24T04:06:58.904000Z,2020-11-24T04:07:03.398000Z,979.219,4494.000128,32.0,117558000.0,0.0,0.0,0.0,45537000.0,279591.0,0.0,0.0,0.0
2020-11-24T04:07:03.399000Z,2020-11-24T04:07:04.803000Z,421.164,1404.0,34.0,155452000.0,0.0,0.0,0.0,45537000.0,292033.0,0.0,0.0,0.0
2020-11-24T04:07:04.804000Z,2020-11-24T04:07:06.374000Z,416.83500000000004,1570.000128,32.0,149219000.0,0.0,0.0,0.0,45537000.0,309160.0,0.0,0.0,0.0
2020-11-24T04:07:06.375000Z,2020-11-24T04:07:08.172000Z,562.1560000000001,1796.999936,34.0,138962000.0,0.0,0.0,0.0,45537000.0,330435.0,0.0,0.0,0.0
2020-11-24T04:07:08.173000Z,2020-11-24T04:07:10.744999Z,872.272,2572.0,36.0,107494000.0,0.0,0.0,0.0,45209000.0,337303.0,0.0,0.0,0.0
2020-11-24T04:07:10.746000Z,2020-11-24T04:07:12.256000Z,511.762,1510.000128,36.0,126698000.0,0.0,0.0,0.0,45209000.0,370211.0,0.0,0.0,0.0
2020-11-24T04:07:12.257000Z,2020-11-24T04:07:15.041999Z,997.265,2784.999936,36.0,123249000.0,0.0,0.0,0.0,45209000.0,280250.0,0.0,0.0,0.0
2020-11-24T04:07:15.043000Z,2020-11-24T04:07:17.264000Z,569.085,2220.999936,38.0,146670000.0,0.0,0.0,0.0,45209000.0,213213.0,0.0,0.0,0.0
2020-11-24T04:07:17.265000Z,2020-11-24T04:07:18.628000Z,433.375,1363.000064,32.0,57782000.0,0.0,0.0,0.0,45209000.0,320643.0,0.0,0.0,0.0
2020-11-24T04:07:18.629000Z,2020-11-24T04:07:20.440000Z,680.211,1811.0000639999998,38.0,139682000.0,0.0,0.0,0.0,45209000.0,384467.0,0.0,0.0,0.0
2020-11-24T04:07:20.441000Z,2020-11-24T04:07:27.264000Z,442.094,6823.000064000001,38.0,138626000.0,0.0,0.0,0.0,45209000.0,378708.0,0.0,0.0,0.0
2020-11-24T04:07:27.265000Z,2020-11-24T04:07:27.540000Z,79.137,275.000064,36.0,106644000.0,0.0,0.0,0.0,45209000.0,327275.0,0.0,0.0,0.0
2020-11-24T04:07:27.540000Z,2020-11-24T04:07:28.321999Z,169.976,781.999872,36.0,82402000.0,0.0,0.0,0.0,45209000.0,358329.0,0.0,0.0,0.0
2020-11-24T04:07:28.322000Z,2020-11-24T04:07:29.372000Z,385.682,1050.000128,40.0,94292000.0,0.0,0.0,0.0,45209000.0,402093.0,0.0,0.0,0.0
2020-11-24T04:07:29.372000Z,2020-11-24T04:07:30.223000Z,282.06,851.000064,36.0,133634000.0,0.0,0.0,0.0,45209000.0,383856.0,0.0,0.0,0.0
2020-11-24T04:07:30.225000Z,2020-11-24T04:07:32.952999Z,907.357,2728.0,34.0,127944000.0,0.0,0.0,0.0,45209000.0,364990.0,0.0,0.0,0.0
2020-11-24T04:07:32.954000Z,2020-11-24T04:07:34.895000Z,625.442,1941.000192,32.0,137331000.0,0.0,0.0,0.0,45209000.0,315836.0,0.0,0.0,0.0
2020-11-24T04:07:34.896000Z,2020-11-24T04:07:36.420999Z,549.857,1524.999936,32.0,141658000.0,0.0,0.0,0.0,45209000.0,321045.0,0.0,0.0,0.0
2020-11-24T04:07:36.421000Z,2020-11-24T04:07:39.910000Z,332.922,3489.000192,34.0,121991000.0,0.0,0.0,0.0,45209000.0,384402.0,0.0,0.0,0.0
2020-11-24T04:07:39.911000Z,2020-11-24T04:07:40.452000Z,188.68,540.9999359999999,34.0,85401000.0,0.0,0.0,0.0,45068000.0,392508.0,0.0,0.0,0.0
2020-11-24T04:07:40.452000Z,2020-11-24T04:07:41.409999Z,282.277,957.999872,34.0,86979000.0,0.0,0.0,0.0,45068000.0,389441.0,0.0,0.0,0.0
2020-11-24T04:07:41.411000Z,2020-11-24T04:07:42.643000Z,365.786,1232.0,34.0,165054000.0,0.0,0.0,0.0,45068000.0,283769.0,0.0,0.0,0.0
2020-11-24T04:07:42.644000Z,2020-11-24T04:07:44.976999Z,679.022,2332.999936,28.0,137955000.0,0.0,0.0,0.0,45068000.0,307281.0,0.0,0.0,0.0
2020-11-24T04:07:44.978000Z,2020-11-24T04:07:47.435000Z,782.533,2457.000192,30.0,118304000.0,0.0,0.0,0.0,45068000.0,291861.0,0.0,0.0,0.0
2020-11-24T04:07:47.436000Z,2020-11-24T04:07:49.169999Z,415.338,1733.999872,32.0,129572000.0,0.0,0.0,0.0,45068000.0,340226.0,0.0,0.0,0.0
2020-11-24T04:07:49.171000Z,2020-11-24T04:07:51.286000Z,657.193,2115.0000640000003,32.0,132475000.0,0.0,0.0,0.0,45068000.0,216955.0,0.0,0.0,0.0
2020-11-24T04:07:51.287000Z,2020-11-24T04:07:53.321999Z,682.104,2034.9998079999998,32.0,130602000.0,0.0,0.0,0.0,45068000.0,317695.0,0.0,0.0,0.0
2020-11-24T04:07:53.323000Z,2020-11-24T04:07:54.587000Z,399.70300000000003,1264.0,32.0,130243000.0,0.0,0.0,0.0,45068000.0,320141.0,0.0,0.0,0.0
2020-11-24T04:07:54.588000Z,2020-11-24T04:07:56.001999Z,480.76300000000003,1413.999872,32.0,121324000.0,0.0,0.0,0.0,45068000.0,322466.0,0.0,0.0,0.0
2020-11-24T04:07:56.003000Z,2020-11-24T04:07:58.571000Z,884.9540000000001,2568.0,32.0,136728000.0,0.0,0.0,0.0,45068000.0,353340.0,0.0,0.0,0.0
2020-11-24T04:07:58.573000Z,2020-11-24T04:08:00.796999Z,709.011,2224.0,32.0,136636000.0,0.0,0.0,0.0,45068000.0,311047.0,0.0,0.0,0.0
2020-11-24T04:08:00.798000Z,2020-11-24T04:08:01.704999Z,312.252,906.999808,32.0,113461000.0,0.0,0.0,0.0,44481000.0,12772.0,0.0,0.0,0.0
2020-11-24T04:08:01.705000Z,2020-11-24T04:08:02.790000Z,349.921,1085.0001920000002,34.0,130113000.0,0.0,0.0,0.0,44481000.0,365567.0,0.0,0.0,0.0
2020-11-24T04:08:02.791000Z,2020-11-24T04:08:05.400999Z,761.772,2609.999872,32.0,119984000.0,0.0,0.0,0.0,44481000.0,345379.0,0.0,0.0,0.0
2020-11-24T04:08:05.402000Z,2020-11-24T04:08:07.550000Z,676.4060000000001,2148.000256,32.0,81863000.0,0.0,0.0,0.0,44481000.0,357287.0,0.0,0.0,0.0
2020-11-24T04:08:07.551000Z,2020-11-24T04:08:09.880999Z,810.391,2329.9998720000003,34.0,96040000.0,0.0,0.0,0.0,44481000.0,403100.0,0.0,0.0,0.0
2020-11-24T04:08:09.882000Z,2020-11-24T04:08:12.192999Z,716.717,2311.000064,32.0,141047000.0,0.0,0.0,0.0,44481000.0,324075.0,0.0,0.0,0.0
2020-11-24T04:08:12.194000Z,2020-11-24T04:08:13.376999Z,438.095,1183.000064,34.0,125265000.0,0.0,0.0,0.0,44481000.0,360560.0,0.0,0.0,0.0
2020-11-24T04:08:13.378000Z,2020-11-24T04:08:14.454000Z,396.666,1076.000256,36.0,130713000.0,0.0,0.0,0.0,44481000.0,378728.0,0.0,0.0,0.0
2020-11-24T04:08:14.455000Z,2020-11-24T04:08:16.620000Z,763.064,2164.999936,36.0,131951000.0,0.0,0.0,0.0,44481000.0,390136.0,0.0,0.0,0.0
2020-11-24T04:08:16.621000Z,2020-11-24T04:08:18.484999Z,702.558,1864.0,36.0,91864000.0,0.0,0.0,0.0,44481000.0,425898.0,0.0,0.0,0.0
2020-11-24T04:08:18.486000Z,2020-11-24T04:08:20.401999Z,664.635,1915.999744,34.0,122498000.0,0.0,0.0,0.0,44481000.0,371216.0,0.0,0.0,0.0
2020-11-24T04:08:20.403000Z,2020-11-24T04:08:22.569999Z,761.363,2166.999808,4.0,100867000.0,0.0,0.0,0.0,44481000.0,388283.0,0.0,0.0,0.0
2020-11-24T04:08:22.571000Z,2020-11-24T04:08:24.814000Z,850.162,2243.000064,38.0,140732000.0,0.0,0.0,0.0,44481000.0,388949.0,0.0,0.0,0.0
2020-11-24T04:08:24.815000Z,2020-11-24T04:08:27.174000Z,835.867,2359.000064,34.0,124059000.0,0.0,0.0,0.0,44481000.0,393289.0,0.0,0.0,0.0
2020-11-24T04:08:27.175000Z,2020-11-24T04:08:29.380999Z,797.176,2205.999872,34.0,123845000.0,0.0,0.0,0.0,44481000.0,362871.0,0.0,0.0,0.0
2020-11-24T04:08:29.382000Z,2020-11-24T04:08:31.795000Z,893.1,2412.9999359999997,36.0,125512000.0,0.0,0.0,0.0,44481000.0,393123.0,0.0,0.0,0.0
2020-11-24T04:08:31.797000Z,2020-11-24T04:08:34.760000Z,1051.369,2963.000064,34.0,115979000.0,0.0,0.0,0.0,44481000.0,325740.0,0.0,0.0,0.0
2020-11-24T04:08:34.761000Z,2020-11-24T04:08:37.038000Z,777.222,2277.000192,34.0,131170000.0,0.0,0.0,0.0,44481000.0,376108.0,0.0,0.0,0.0
2020-11-24T04:08:37.039000Z,2020-11-24T04:08:39.116999Z,685.374,2077.999872,36.0,146832000.0,0.0,0.0,0.0,44481000.0,337219.0,0.0,0.0,0.0
2020-11-24T04:08:39.118000Z,2020-11-24T04:08:40.348999Z,402.817,1230.999808,30.0,137601000.0,0.0,0.0,0.0,44481000.0,319588.0,0.0,0.0,0.0
2020-11-24T04:08:40.351000Z,2020-11-24T04:08:43.048000Z,847.756,2696.999936,32.0,101024000.0,0.0,0.0,0.0,44481000.0,311521.0,0.0,0.0,0.0
2020-11-24T04:08:43.049000Z,2020-11-24T04:08:45.700999Z,829.8190000000001,2652.0,4.0,111984000.0,0.0,0.0,0.0,44481000.0,317695.0,0.0,0.0,0.0
2020-11-24T04:08:45.702000Z,2020-11-24T04:08:47.487000Z,558.766,1784.999936,34.0,147545000.0,0.0,0.0,0.0,44481000.0,330188.0,0.0,0.0,0.0
2020-11-24T04:08:47.488000Z,2020-11-24T04:08:48.416000Z,290.819,928.0,34.0,145241000.0,0.0,0.0,0.0,44481000.0,329328.0,0.0,0.0,0.0
2020-11-24T04:08:48.417000Z,2020-11-24T04:08:50.711000Z,739.386,2294.000128,32.0,133616000.0,0.0,0.0,0.0,44481000.0,329805.0,0.0,0.0,0.0
2020-11-24T04:08:50.712000Z,2020-11-24T04:08:53.054000Z,751.01,2342.000128,32.0,110674000.0,0.0,0.0,0.0,44481000.0,353946.0,0.0,0.0,0.0
2020-11-24T04:08:53.055000Z,2020-11-24T04:08:55.144999Z,668.056,2089.999872,32.0,138515000.0,0.0,0.0,0.0,44481000.0,330314.0,0.0,0.0,0.0
2020-11-24T04:08:55.146000Z,2020-11-24T04:08:56.940000Z,586.41,1794.000128,32.0,120417000.0,0.0,0.0,0.0,44481000.0,260593.0,0.0,0.0,0.0
2020-11-24T04:08:56.942000Z,2020-11-24T04:09:00.044999Z,867.005,3102.999808,36.0,154398000.0,0.0,0.0,0.0,44481000.0,338957.0,0.0,0.0,0.0
2020-11-24T04:09:00.046000Z,2020-11-24T04:09:01.640000Z,505.26,1593.9998719999999,36.0,152229000.0,0.0,0.0,0.0,44481000.0,325838.0,0.0,0.0,0.0
2020-11-24T04:09:01.641000Z,2020-11-24T04:09:04.184000Z,839.692,2543.0000640000003,34.0,97035000.0,0.0,0.0,0.0,44481000.0,336770.0,0.0,0.0,0.0
2020-11-24T04:09:04.185000Z,2020-11-24T04:09:05.256000Z,350.5,1071.0000639999998,32.0,128944000.0,0.0,0.0,0.0,44481000.0,322213.0,0.0,0.0,0.0
2020-11-24T04:09:05.257000Z,2020-11-24T04:09:06.452999Z,363.50600000000003,1196.0,32.0,111640000.0,0.0,0.0,0.0,44481000.0,314817.0,0.0,0.0,0.0
2020-11-24T04:09:06.454000Z,2020-11-24T04:09:08.031000Z,529.285,1576.999936,32.0,94930000.0,0.0,0.0,0.0,44481000.0,310267.0,0.0,0.0,0.0
2020-11-24T04:09:08.032000Z,2020-11-24T04:09:20.119000Z,654.629,12087.000064,4.0,138315000.0,0.0,0.0,0.0,44481000.0,345019.0,0.0,0.0,0.0
2020-11-24T04:09:20.119000Z,2020-11-24T04:09:20.387000Z,78.113,268.0,44.0,122017000.0,0.0,0.0,0.0,44481000.0,372379.0,0.0,0.0,0.0
2020-11-24T04:09:20.387000Z,2020-11-24T04:09:20.548000Z,39.239000000000004,160.99993600000002,36.0,73434000.0,0.0,0.0,0.0,44481000.0,376988.0,0.0,0.0,0.0
2020-11-24T04:09:20.548000Z,2020-11-24T04:09:21.270000Z,99.031,722.000128,36.0,64653000.0,0.0,0.0,0.0,44481000.0,359717.0,0.0,0.0,0.0
2020-11-24T04:09:21.270000Z,2020-11-24T04:09:22.108000Z,278.98900000000003,837.999872,36.0,145776000.0,0.0,0.0,0.0,44481000.0,16417.0,0.0,0.0,0.0
2020-11-24T04:09:22.109000Z,2020-11-24T04:09:22.952999Z,248.465,844.0,34.0,122634000.0,0.0,0.0,0.0,44481000.0,329266.0,0.0,0.0,0.0
2020-11-24T04:09:22.953000Z,2020-11-24T04:09:24.435000Z,492.74,1482.000128,34.0,151326000.0,0.0,0.0,0.0,44481000.0,312579.0,0.0,0.0,0.0
2020-11-24T04:09:24.436000Z,2020-11-24T04:09:25.444000Z,329.508,1008.0,36.0,143742000.0,0.0,0.0,0.0,44481000.0,291545.0,0.0,0.0,0.0
2020-11-24T04:09:25.445000Z,2020-11-24T04:09:26.028999Z,196.279,584.0,36.0,141602000.0,0.0,0.0,0.0,44481000.0,348995.0,0.0,0.0,0.0
2020-11-24T04:09:26.029000Z,2020-11-24T04:09:26.987000Z,328.623,958.000128,36.0,108827000.0,0.0,0.0,0.0,44481000.0,375468.0,0.0,0.0,0.0
2020-11-24T04:09:26.987000Z,2020-11-24T04:09:28.559000Z,528.879,1572.0,36.0,143718000.0,0.0,0.0,0.0,44481000.0,358341.0,0.0,0.0,0.0
2020-11-24T04:09:28.560000Z,2020-11-24T04:09:30.300000Z,605.9,1740.0,34.0,136272000.0,0.0,0.0,0.0,44481000.0,337164.0,0.0,0.0,0.0
2020-11-24T04:09:30.301000Z,2020-11-24T04:09:32.619000Z,718.239,2318.000128,34.0,140461000.0,0.0,0.0,0.0,44481000.0,353444.0,0.0,0.0,0.0
2020-11-24T04:09:32.620000Z,2020-11-24T04:09:34.504000Z,680.996,1884.0,34.0,125163000.0,0.0,0.0,0.0,44481000.0,378571.0,0.0,0.0,0.0
2020-11-24T04:09:34.504000Z,2020-11-24T04:09:36.049999Z,502.945,1545.999872,34.0,133450000.0,0.0,0.0,0.0,44481000.0,364552.0,0.0,0.0,0.0
2020-11-24T04:09:36.051000Z,2020-11-24T04:09:37.531000Z,497.422,1480.0,34.0,112506000.0,0.0,0.0,0.0,44481000.0,398733.0,0.0,0.0,0.0
2020-11-24T04:09:37.867000Z,2020-11-24T04:09:39.243000Z,486.009,1376.0,34.0,123503000.0,0.0,0.0,0.0,44481000.0,383825.0,0.0,0.0,0.0
2020-11-24T04:09:39.867000Z,2020-11-24T04:09:41.520999Z,579.833,1653.9998719999999,36.0,123336000.0,0.0,0.0,0.0,44481000.0,389377.0,0.0,0.0,0.0
2020-11-24T04:09:41.861000Z,2020-11-24T04:09:43.460999Z,546.178,1600.0,32.0,131280000.0,0.0,0.0,0.0,44481000.0,331926.0,0.0,0.0,0.0
2020-11-24T04:09:43.873000Z,2020-11-24T04:09:45.092000Z,423.557,1219.000064,36.0,58052000.0,0.0,0.0,0.0,44481000.0,327691.0,0.0,0.0,0.0
2020-11-24T04:09:45.866000Z,2020-11-24T04:09:47.832000Z,727.826,1966.000128,34.0,125971000.0,0.0,0.0,0.0,44481000.0,322434.0,0.0,0.0,0.0
